4837291
128394
7629450
5902341
874392
2398475
6912034
3459821
8123947
407812
903421
1783945
2648391
739182
5283940
684239
3958201
7493821
2103948
863492
4129385
5982034
721394
3365920
482193
905823
6573921
1482390
7934021
2749385
834920
5193842
692134
3619024
2458931
7812394
430982
5682391
1940283
8293417
302948
4762190
659238
2149837
7384029
589320
903284
3614928
4958231
1283947
6821934
749203
3948201
561092
8234905
2390487
7051823
1748392
6582034
482039
7139482
392048
5469821
219483
8072394
1349028
6283941
470239
2593840
891203
3849201
572193
6948230
1203948
4382095
759284
5039281
284930
8672394
391482
6240931
749382
4158209
2684930
8028847
134820
5782934
3194820
760394
4862039